Q13148	21.4311	-7.95491	5.1694	-3.38828	2.37037	-1.90092	1.94811	-1.70301	2.00095	-1.1753		159.466	-54.0857	32.7164	-23.3428	19.2806	-14.1325	14.5585	-12.6468	14.8216	-1.7		259.155	-25.6544	-45.3777	16.0877	22.7913	-10.6965	23.638	-1.07984	32.2802	47.2912		-9.1998	4.15545	-1.72291	3.18287	-3.67672	-0.305883	-1.57622	4.53515	-5.46442	-7.85642		0.58269	-2.27315	2.58657	-1.62581	0.718275	0.0574787	0.0320157	-2.19828	1.59478	1.16881	
P35637	26.5813	-8.93472	4.54188	-4.95735	3.37422	-2.17532	1.2039	-2.17803	1.58694	-2.03777		187.814	-64.2705	35.2652	-28.3081	24.1081	-17.8438	15.2084	-13.2882	12.7366	-12.3677		146.641	-164.596	51.8338	1.09069	57.6157	-56.5417	44.5878	-48.2901	51.6949	-24.5488		-26.7925	5.1402	-4.19397	7.75771	-6.66494	3.74346	-2.12103	1.47921	-4.69367	3.64505		7.2414	-2.28548	0.329223	-3.4678	2.90319	0.480026	-0.799978	-0.801078	1.27014	-1.40126	
Q8NDV7	47.1615	-15.222	8.71285	-6.88052	5.62571	-4.80076	3.14171	-2.75327	3.04231	-2.42632		362.759	-112.822	66.5185	-44.3759	43.9333	-25.4266	28.3134	-21.5924	16.8957	-15.4236		439.203	-128.193	76.1587	12.3542	123.006	-0.0162739	73.4894	-29.398	-21.2496	18.4325		-42.0257	8.3186	-3.39273	-2.73913	-10.3053	-5.52719	-4.37492	-1.64136	0.479564	-0.985594		9.38484	0.558934	-0.949147	0.158613	0.974941	1.29548	0.484597	-0.0270025	-0.25449	-0.107501	
Q15287	18.7657	-6.31101	2.85707	-3.51049	1.85939	-0.941049	1.29363	-1.35844	1.10468	-1.47669		149.119	-42.2373	25.6316	-20.2465	16.5231	-16.5028	4.54322	-16.1641	13.3288	-11.7001		311.676	-86.9397	83.0892	9.08343	64.9727	-118.823	-47.7536	-95.5285	76.3389	-18.0706		-24.637	3.68104	-2.22277	5.81324	-8.62278	10.3323	5.44608	9.47381	-6.69509	2.64478		4.72057	0.960703	-1.32552	-2.35796	0.721518	-0.842091	-0.911184	-1.82769	1.66072	-1.91228	
Q92994	26.6266	-9.02694	5.24547	-3.29401	3.08333	-2.14708	1.89611	-1.68198	1.66553	-1.84067		202.103	-76.3578	43.696	-25.498	26.8367	-17.4665	11.8486	-16.1014	13.1037	-16.1347		360.542	-189.654	65.2053	-66.0567	42.3623	15.2012	-17.728	-38.7674	56.0688	-61.5086		-7.71699	12.6467	-4.68622	1.28869	-4.02197	-0.910215	5.33752	3.50731	-0.137986	6.04062		0.559777	-1.36655	2.24853	1.11111	2.19901	-0.283073	-0.278357	-0.175123	-1.10383	-1.32625	
Q8IUX4	19.7843	-6.53116	3.79741	-3.04687	1.93886	-1.89046	1.26943	-1.40341	2.00815	-1.54202		143.999	-48.7696	30.5081	-18.7627	18.9396	-12.5564	12.4682	-13.3057	6.93587	-7.19903		250.952	-86.5452	45.399	-1.15719	55.8491	-23.1003	44.8659	-45.4164	-6.42817	-16.7593		-8.80638	2.12584	-3.51795	-2.72716	-5.19823	0.507247	-2.15257	4.25268	0.371664	0.603371		-2.43705	0.907821	0.0501531	0.692811	-1.08756	0.879813	-0.115208	-0.739374	-1.16394	0.929343	
Q9UL18	29.6762	-10.2557	6.4153	-4.19494	3.24014	-2.80995	1.83652	-2.03426	1.95432	-1.44704		221.358	-73.9846	42.4876	-32.0377	28.4466	-19.039	16.4791	-14.9125	12.0723	-15.002		355.707	-104.713	73.8404	-78.6296	60.9188	-30.2822	4.35584	-13.5657	-6.31965	-71.4669		-8.35919	2.59445	1.04958	3.61761	-6.16969	-0.531448	-0.183534	-0.389985	0.954864	4.97386		-1.88147	0.0996094	-1.4222	0.478509	0.844109	0.570643	0.652085	-0.0755445	0.377098	-0.420247	
Q9H9G7	29.801	-10.1006	6.50402	-3.92896	3.36368	-2.99514	1.64918	-1.90581	1.85403	-1.62385		221.863	-73.9171	41.7151	-32.9047	27.4269	-19.9032	15.5662	-15.7166	12.3379	-14.2169		369.591	-105.873	59.8782	-81.9497	64.8715	-38.2687	4.32098	-12.3537	-0.13425	-58.9308		-8.53151	2.65299	2.18749	4.14832	-5.31115	0.234533	0.854276	0.319772	1.12711	3.6454		-1.59851	-0.17218	-1.52169	0.312184	0.914969	0.189185	0.0519345	-0.150122	0.467511	-0.7797	
Q9UKV8	29.4791	-10.2248	6.43077	-4.36012	3.39769	-2.59095	1.89865	-1.83147	1.95773	-1.29584		222.192	-74.0756	43.6944	-33.5977	28.3405	-19.0015	16.7277	-15.5294	11.4627	-15.0317		363.617	-104.664	72.4468	-88.3219	75.3064	-31.9889	4.68969	-24.3477	-24.4974	-76.3597		-9.11036	1.71994	-0.930168	3.23735	-6.75927	-1.38489	-1.81941	0.605567	1.42883	4.04623		-1.33089	-0.446967	-0.953739	-0.0410843	0.684521	0.427308	0.399066	-0.292799	0.0504335	-0.50036	
O60306	38.7834	-13.875	7.5666	-4.87158	4.19088	-3.45618	2.9258	-2.63645	1.65835	-2.07658		293.181	-100.211	53.7574	-39.5237	33.9654	-28.4909	22.3599	-21.9802	19.1651	-15.9823		516.48	-159.127	72.9882	-36.7071	36.5001	-44.4911	30.7363	-79.9543	24.4101	-15.6131		-11.483	6.49646	2.48702	0.313934	-3.1944	2.57592	-1.02021	3.58846	-1.37903	1.03987		-4.98891	-0.0941015	-2.20615	1.00411	1.005	-0.404751	0.171499	-0.3299	0.603509	-0.101487	
P17735	21.9787	-6.99066	4.00798	-3.00526	2.6458	-2.27958	1.91846	-1.37734	1.8328	-0.823832		159.477	-48.5945	31.8998	-22.4096	17.2188	-16.1454	9.7099	-11.3116	10.4321	-7.2735		232.883	-76.5696	55.8887	-23.711	33.6621	-38.7164	17.0344	-40.1887	18.0984	-0.283302		-2.03444	-4.48784	-1.374	-0.870793	0.553935	1.14781	2.59144	1.6058	-1.33747	-2.03458		-2.06724	2.21113	0.0773109	0.385635	-0.562143	-0.346303	-0.590511	0.524114	0.200575	-1.01969	
P50750	19.9548	-6.8491	3.42348	-2.72922	2.67583	-2.09669	1.19814	-1.63972	0.96759	-1.1915		146.069	-48.0555	34.157	-20.6013	17.9807	-13.183	8.89055	-11.9659	10.8643	-9.59171		263.476	-64.5135	83.9249	-48.1026	27.729	6.2848	-34.1438	-11.875	6.60872	-28.8638		-4.4539	2.6719	-6.13642	-0.937583	-3.12169	2.13314	0.209112	2.9022	-3.89702	4.63337		-2.23165	1.16682	0.751728	1.22836	0.607676	-0.539494	0.322856	-1.18885	0.944011	-0.27197	
O94992	19.0732	-6.6083	4.13436	-2.6909	1.74233	-2.34026	1.49751	-1.29279	1.65366	-1.26484		158.035	-55.2233	31.3895	-22.6581	16.248	-13.12	11.6555	-14.6029	10.4684	-6.8258		304.669	-168.254	60.2393	-52.3537	78.9165	-41.3371	-0.103033	-61.3561	31.5224	-0.63099		-21.8271	8.92533	-2.07366	2.02694	-4.1491	1.54571	3.71514	5.23651	-3.40002	-2.13023		3.50719	-0.157108	-0.210807	-0.34098	-0.816039	0.652206	0.323272	-1.44818	0.371355	0.375393	
Q9HCJ0	43.6468	-13.9293	8.476	-6.57254	4.80326	-3.86891	3.02737	-3.23081	2.23831	-2.07297		329.671	-105.222	57.888	-49.4522	35.8699	-28.1028	22.6493	-16.2325	18.2779	-15.2738		332.641	-164.354	7.18205	-77.9029	46.1907	-57.3258	39.2894	43.4675	18.4596	-5.79245		-29.39	9.09414	2.08455	8.54832	-2.52625	-0.683667	2.5729	-2.0853	-1.86941	-1.36984		8.43757	1.00275	-1.03014	-1.32797	0.581207	0.373133	0.0172566	0.848644	0.919078	-0.0971618	
Q4G0J3	24.8672	-7.98496	4.97271	-3.80406	2.4115	-1.58431	2.43342	-1.43062	1.56238	-1.28449		200.432	-68.1188	36.2486	-21.3297	26.7637	-16.4949	16.7174	-14.0071	14.0236	-8.81524		463.731	-148.972	62.2541	6.98483	76.5784	-61.0877	69.6568	-55.5637	22.435	13.5416		-22.6749	9.09025	0.600685	-3.31293	-7.48652	0.366589	-4.10221	4.39945	-5.92889	-0.898928		1.83814	-1.55464	-0.579525	1.23183	1.82134	0.787952	-0.27462	0.0721066	1.50657	-0.100664	
Q5S007	50.5598	-16.9193	10.5293	-7.771	5.61368	-4.51501	4.44047	-3.78253	2.55624	-2.888		378.988	-127.272	72.0615	-54.5828	42.969	-35.1997	29.8881	-27.8733	16.8888	-21.4294		632.69	-233.642	112.149	-62.4498	41.9313	-64.3967	43.5841	-59.0386	2.47619	-35.6354		-3.79161	6.75654	3.2387	-0.45537	-0.663407	1.57098	-0.315185	4.02147	4.51697	0.875153		-6.51824	2.51859	-2.08994	-0.620916	0.116805	-0.0344195	0.203609	0.0748519	-2.29991	-0.298515	
Q7L2J0	27.2795	-8.85534	5.15668	-4.20448	2.6952	-3.2552	2.15013	-1.71817	1.62763	-1.27778		209.333	-66.3025	37.6602	-26.8496	21.2598	-20.233	12.6013	-14.0816	9.76989	-12.2532		330.614	-133.669	50.181	-43.0305	16.106	-33.7095	54.5842	-29.9173	-1.911	2.77386		-19.8498	4.55384	1.00092	-1.15263	-0.11831	7.33034	0.0832969	4.57304	0.745155	-0.155655		4.33365	1.29052	-1.00348	2.20618	-0.490921	-1.19466	-2.95016	-0.522395	-1.22768	-0.860571	
Q9H633	12.4257	-4.42054	2.19608	-1.73675	1.59438	-1.06073	0.906163	-1.14589	0.67663	-0.299336		94.2985	-32.8213	22.3537	-15.044	11.1548	-9.31114	9.09295	-5.72912	6.79364	-7.90678		158.215	-48.4954	25.8045	-32.9508	18.0688	1.10496	47.0197	-5.797	16.1834	-48.8633		-6.00801	5.17668	-3.2951	1.10329	-0.678028	2.38951	-3.34501	-1.65548	-1.43987	4.63642		0.508297	-0.957006	0.454066	0.476018	0.483685	-0.873085	0.059106	0.530785	0.130697	-0.533394	
P78345	16.9663	-5.22797	3.11353	-2.63589	1.65672	-1.48443	1.18343	-1.36891	0.888511	-1.1771		130.498	-41.6695	27.6085	-28.1688	12.9101	-9.88712	10.6698	-5.63905	7.03014	-5.89123		246.914	-73.4657	47.7999	-111.384	0.106076	-27.7586	5.89018	-0.119368	20.6661	9.78288		-5.81103	-1.28508	-3.77486	11.0771	-0.255913	-0.875176	-1.6773	-2.43848	-0.220754	1.00992		-0.682132	0.986835	-0.195645	-1.29806	0.369773	1.25891	1.23346	1.203	-0.258833	0.656373	
Q9BUL9	14.3069	-5.03582	3.17767	-2.04429	1.20129	-0.987405	0.969687	-0.790291	0.0246462	-1.51731		107.97	-35.3206	25.8867	-15.7159	15.6823	-11.7509	9.41553	-7.12614	8.00513	-6.8998		150.976	-32.3466	29.4847	-12.8077	56.3361	-15.311	-0.846581	-15.2719	75.1277	13.0889		-4.01157	3.19411	-5.51155	0.0422633	-5.71484	2.56475	1.14469	-3.87537	-1.87156	2.83963		1.51386	0.364282	1.33484	-0.925809	1.47226	-0.924367	0.841523	-0.193263	-1.16834	-0.937481	
O95707	15.1587	-4.96209	3.12545	-2.31801	1.43637	-1.96123	1.2804	-1.31723	0.0903178	-0.800063		116.804	-33.8591	20.5893	-19.0315	12.2505	-9.8171	11.4689	-7.57398	4.8729	-11.049		238.4	-54.2109	1.80669	-80.0428	19.9425	8.82715	31.4715	3.1615	6.2457	-52.815		-9.74914	-2.55614	4.44652	4.96875	-1.34814	0.719204	-2.46769	0.4895	-0.504309	5.64525		-0.0394102	2.2544	-0.485244	-0.113274	-0.923533	-0.365901	1.14707	-0.554447	-1.12595	-1.61502	
P09132	11.632	-4.57321	2.75106	-1.23155	1.13141	-1.3759	0.747145	-1.66811	0.352396	-0.975201		92.901	-32.4122	18.0627	-15.5828	13.6371	-14.6161	10.1804	-4.79145	6.70793	-5.92473		152.149	-66.9024	20.1676	-16.0889	23.7958	-56.6278	6.67367	11.4461	26.0558	-24.8627		-4.74575	4.65614	-0.869099	1.66752	-3.99082	9.78239	-0.702049	-2.01006	-2.32641	2.99153		0.37494	-0.0249634	0.676739	-0.702415	1.67131	-1.30327	2.30517	0.868229	0.447939	0.197297	
Q8IYB3	31.7786	-11.0508	6.56979	-4.65736	3.52517	-2.5279	2.5216	-2.4854	1.60675	-1.47201		252.649	-85.6413	45.4057	-39.5532	25.2199	-29.5347	20.7843	-14.7358	17.2486	-14.4786		562.64	-147.928	48.2339	-110.584	11.2711	-99.0921	79.956	-46.3329	53.0788	-38.5537		-45.1202	23.4614	1.63914	10.5062	4.22486	4.50964	-5.08226	2.99517	-2.16662	-2.60647		6.02918	-5.12064	-0.759456	-2.24891	0.280905	-1.9344	0.666979	0.208081	0.829527	-0.0611372	
O15042	33.5661	-10.3121	7.0092	-5.32132	4.20758	-3.49057	2.28647	-2.06605	2.00696	-2.02128		261.124	-84.5786	67.3856	-46.0748	32.3303	-29.8196	17.5497	-15.5089	20.4934	-16.5015		526.437	-186.055	224.203	-163.035	101.364	-123.369	15.0854	-39.392	52.7634	-40.5393		-27.922	5.19493	-18.5538	16.1885	-11.0543	11.7831	-1.73541	0.384128	-7.79679	2.46089		1.56731	1.80711	4.20557	-2.52404	1.84512	-1.86061	1.06891	0.717615	2.14849	-1.50876	
Q9HCK5	29.7995	-10.1034	6.41088	-4.07065	3.13947	-2.91986	1.71034	-2.24402	1.77536	-1.4404		222.551	-72.7117	44.0934	-32.8014	27.4588	-18.5747	16.1307	-15.9001	12.538	-14.9958		351.886	-88.5159	80.5052	-64.6038	68.2881	-24.7897	15.5374	-13.3135	-2.24946	-59.9961		-9.55098	0.0711269	-1.08272	3.6347	-5.23806	-1.88372	-0.063347	0.0408931	0.0276819	5.09506		-1.27217	0.134333	-0.7463	-0.0819858	0.768679	0.573018	0.224024	-0.529051	0.109677	-0.7915	
P61011	23.0237	-8.21853	4.36494	-3.58661	2.80557	-1.9909	1.43327	-2.01208	1.2819	-1.40061		172.566	-60.0114	34.5334	-25.663	19.8515	-14.433	11.5761	-13.1215	6.39615	-9.47235		280.673	-99.0151	54.5679	-26.8615	21.4498	-14.8086	12.0512	-33.7315	-38.2879	-14.7224		-3.08713	4.47815	-2.33808	5.88552	1.97344	-0.113062	-0.603318	2.11364	1.82018	0.0639587		-0.928014	-0.418163	0.0346636	-1.33855	0.961271	-0.448654	-0.866493	0.134617	0.746955	-0.510801	
O76094	26.5105	-8.8952	5.37353	-3.38123	3.29677	-2.10663	2.15845	-1.56496	1.29626	-1.45539		203.756	-70.0253	44.0576	-34.8207	23.9016	-21.1739	14.3215	-12.422	11.3875	-8.71145		335.701	-142.45	92.6237	-87.9024	24.9481	-55.5167	-5.687	-10.6994	-17.944	16.4839		-11.1189	7.3932	-8.03126	9.53952	-2.81399	6.00738	0.384034	-0.0479073	-0.194779	-3.08267		0.221236	-0.494492	1.32124	-1.65565	1.26474	-1.11068	0.985211	0.781119	1.01259	-0.456883	
Q9UHB9	25.9009	-8.1362	5.38	-3.52594	3.39546	-1.79182	2.02974	-1.44993	2.27719	-1.46144		198.93	-61.5004	40.1356	-24.8813	22.3298	-18.7727	16.4692	-10.4763	7.44282	-7.80348		366.09	-110.914	45.841	-55.3524	-11.7815	-74.2192	6.52393	-8.38831	-1.37914	-40.3951		-15.2219	-1.36505	-2.81535	-1.09285	1.81379	3.63351	-2.23364	1.65992	4.4979	-1.82268		1.21352	2.9422	0.679944	1.72209	1.85543	0.613086	0.999828	1.51089	-0.912079	1.8448	
Q15022	28.3296	-8.53354	6.27109	-3.32495	3.60305	-1.61728	2.45354	-1.54041	2.1259	-1.49684		215.836	-73.6545	40.7942	-32.6394	25.0637	-18.9708	15.3997	-11.7683	13.4668	-13.4504		361.674	-182.215	50.2148	-106.747	16.6306	-55.5283	-23.7554	-44.5841	-7.12788	-3.98504		-17.412	10.671	1.01236	3.44744	0.323598	1.42907	1.25975	-1.1553	-0.288831	2.40803		2.03089	1.13122	0.774595	1.32712	1.45897	1.49884	1.0446	1.39925	1.50396	-0.862379	
Q9BXP5	30.447	-10.04	6.28626	-4.88725	3.74053	-1.90483	2.3019	-2.84034	1.62607	-1.69291		248.278	-74.3389	41.3469	-33.9566	35.0108	-4.98532	20.4919	-16.9074	10.2841	-5.09301		583.481	-96.7818	59.5007	-40.6458	118.839	102.323	27.0965	17.1815	22.572	51.1819		-34.6431	-0.302611	-3.79128	0.256899	-14.5538	-12.1933	-4.47941	2.84914	0.418667	-3.17945		2.98366	1.15204	-1.57696	-0.243142	3.31821	3.32331	1.17846	-1.04472	-1.1763	0.520238	
P61964	19.322	-7.33731	3.44128	-2.85207	2.26899	-1.84426	1.39473	-1.42272	0.561936	-0.466541		141.482	-44.1601	29.3527	-18.9286	16.5949	-11.3969	13.0155	-7.36214	10.6087	-7.52292		212.093	-63.8609	41.6942	-27.4508	21.6817	-10.8117	27.8502	12.2817	43.7189	-18.3057		-6.05731	-1.07828	-3.63751	-1.38869	-1.37152	-2.94027	-0.640945	-1.6756	-1.95117	0.211678		-0.110352	1.5175	0.350715	0.910713	0.918133	0.293628	0.581787	0.545854	0.365914	-0.292406	
Q6IPL9	14.3886	-5.25075	3.17169	-1.95644	1.33344	-0.936921	1.47532	-1.38883	0.652586	-0.814632		128.794	-36.9329	22.6887	-15.7853	9.55457	-11.5053	9.56437	-9.81861	3.23199	-7.18464		315.222	-76.3336	63.6523	-22.3326	-24.665	-44.713	7.59901	-18.4738	-8.04943	-32.4237		-25.5137	4.53436	-2.70949	1.0996	-0.628971	2.00848	-2.247	1.17301	2.26889	0.771359		5.07125	-1.14204	-0.414431	-1.09835	0.270463	-0.700146	0.450109	-0.957326	0.199145	-0.408526	
Q9NZI8	24.3066	-8.07842	5.04738	-3.42585	2.95369	-2.37378	2.01324	-1.33612	1.63182	-1.2203		188.484	-60.9695	34.8737	-29.0533	23.3958	-21.037	13.4414	-10.5389	10.932	-10.2178		305.658	-81.232	46.8272	-38.0297	85.8498	-74.2653	-16.817	0.289892	-7.02801	-23.6236		-10.1854	-0.33715	0.666743	4.32584	-2.00094	5.05549	0.583555	-2.2405	0.644164	2.31446		0.9656	-0.413778	-1.1365	-1.58864	0.0502403	-0.385491	0.37382	-0.175334	0.263362	-0.164146	
Q9UPQ9	46.0983	-14.6719	8.28797	-6.63871	4.99757	-4.49808	2.96256	-2.96309	2.74707	-1.74894		351.141	-108.466	59.4386	-48.6067	38.2632	-30.04	24.0421	-17.0708	18.4579	-14.5609		434.913	-99.5967	51.7177	-37.7026	79.4058	-8.67151	66.5907	36.4888	5.46584	14.3826		-42.8376	7.90087	4.59344	4.70961	-6.89332	-0.350603	0.616227	-4.17356	-2.13109	-3.5346		9.46622	-0.0955443	-1.51154	-1.16138	0.320355	-0.382603	-0.687046	0.636391	0.513642	-0.371552	
Q9HCE1	31.9032	-10.7615	6.70724	-4.7961	3.46828	-3.25508	2.31725	-2.54635	2.36293	-2.23474		238.287	-78.6816	50.1789	-35.5928	27.5048	-19.9914	18.1697	-17.0417	10.6071	-14.0075		419.531	-117.608	95.0482	-52.5351	65.5226	-9.03476	24.805	-41.8953	-41.1289	-28.0009		-8.34224	0.701006	-3.86868	2.4072	-1.42233	-2.67078	0.917008	0.652236	1.68049	3.99299		-3.59472	1.5527	0.280502	0.492499	-0.806606	-0.0103052	-0.224656	0.717527	-0.565852	0.0525235	
Q15717	19.105	-6.57683	4.01241	-2.71538	2.21288	-2.0742	1.34443	-0.677497	1.22338	-1.40841		140.242	-44.419	26.2577	-16.7898	16.6128	-13.4531	12.0101	-7.57546	9.02035	-7.05444		217.185	-40.2935	15.3201	-12.3678	38.0861	-18.1636	21.2023	-20.5004	21.2906	11.5008		-6.46148	0.503889	0.406106	-3.50293	-0.874513	0.2733	-3.60409	-1.19679	-0.436213	-0.555097		-0.00199802	-0.106604	-0.0880029	1.24385	-0.0986257	-0.180795	0.532886	0.454876	0.762091	0.445171	
Q9Y6M1	25.1043	-8.4273	5.14238	-3.41876	2.69478	-2.37465	1.77113	-1.20128	1.88945	-0.996864		189.917	-62.3908	34.7854	-32.0862	23.527	-20.2446	13.8759	-11.649	11.8988	-10.3866		309.506	-90.8586	37.6847	-73.2311	75.8426	-51.1271	-15.1896	-15.7935	23.5853	-30.8212		-8.33982	1.1103	0.985221	6.16508	-0.902764	2.06075	-1.12413	0.679445	-2.55367	1.36599		-0.389996	-0.300564	-1.12102	-1.82268	0.179082	-0.196083	0.340072	0.187098	0.0702382	-0.11173	
Q07955	17.3424	-5.81764	3.13566	-2.19521	2.91429	-1.30299	1.58068	-1.08799	1.01066	-0.501529		126.597	-44.2145	25.83	-21.8117	14.5404	-12.6866	10.5285	-8.73881	7.61004	-7.13807		241.333	-104.029	64.0194	-74.2182	-14.1068	-45.2487	27.4497	-24.5802	4.3875	-38.8382		-12.8902	8.33849	-3.81318	9.4068	-5.98211	4.13277	-2.4276	2.6545	-1.41882	2.57478		1.51184	-1.58725	0.0939167	-1.14226	2.5928	0.165765	0.550329	-0.342102	0.564847	1.35975	
Q96PU8	19.1442	-6.55047	3.18985	-2.62786	2.07023	-1.50465	1.2723	-1.23296	0.311351	-1.10442		144.268	-43.3985	21.6699	-18.3809	19.2879	-13.333	8.15887	-11.929	8.76646	-5.29046		261.584	-26.5522	-28.9046	-11.8064	78.8601	-41.7721	-0.221533	-40.4085	24.7129	-21.6216		-8.46305	-2.99883	3.67334	0.956556	-5.4257	-0.884976	2.12539	2.89309	-0.146226	-2.4471		-0.645024	0.20721	-1.55637	0.340757	0.218927	0.885471	-0.390513	-1.19045	0.241439	0.334537	
Q01844	27.6828	-10.8151	5.2378	-4.66186	3.54052	-2.42729	2.23083	-1.64105	2.10726	-1.94295		203.183	-71.4256	38.408	-28.6655	24.9319	-19.4155	14.861	-13.3492	13.991	-10.4929		174.2	-182.111	53.6029	5.7391	37.2141	-65.5619	29.2391	-28.9633	47.6985	-1.22059		-24.5462	8.66903	-2.28298	8.12165	-4.98336	-0.93353	-1.38084	1.83323	-3.32706	2.19686		4.98235	-1.98635	1.41421	-1.95068	2.50799	-0.442587	-1.1694	-0.774844	1.89385	-0.58689	
P31483	20.4919	-6.58567	4.06575	-2.88532	1.94193	-2.5655	1.7376	-1.74368	0.972212	-1.29791		152.063	-49.7777	27.805	-23.1202	16.6923	-14.7955	10.2068	-8.95273	12.4689	-8.19496		215.814	-17.1727	0.845921	-2.78033	-24.2457	17.4161	4.24632	-20.6423	24.2128	-12.0477		-8.28056	5.61365	-1.65026	4.60563	-5.19207	4.50416	2.47066	-1.90588	-4.4314	-0.861195		0.746226	-0.534146	-0.365633	-1.20551	0.321676	-1.49784	-0.807678	-0.27822	0.951497	-0.187777	
Q86X94	27.5858	-10.0598	6.92071	-4.82714	3.34192	-2.31998	2.4085	-1.90401	1.31577	-2.04928		204.805	-66.462	40.5055	-34.7278	18.3813	-18.826	16.5991	-13.6952	13.4863	-9.72995		283.211	-155.626	0.216435	-82.3953	4.89802	-34.3368	42.3097	-0.382392	43.6989	-11.9581		-33.632	6.08394	-9.35182	10.1363	4.27475	4.70145	-4.8649	2.23957	-2.60583	1.08913		7.08692	-2.78706	3.3696	-2.83902	-0.627261	-0.540355	1.8368	-0.521083	0.0283964	-0.750863	
O43251	20.3869	-6.97802	4.24683	-3.28808	2.55229	-1.67499	1.33593	-1.41436	1.27232	-0.684516		154.838	-44.2907	24.8391	-23.7005	16.6259	-14.6743	10.8023	-6.39436	12.5374	-5.72104		187.214	-46.9274	-31.205	-28.9535	49.2225	16.5114	-8.33589	-8.4864	25.1427	-19.3996		-11.3811	-6.86229	2.15315	3.01564	0.198831	0.443851	0.745682	-4.53108	-3.17755	0.28054		1.72961	1.25291	-0.182708	-1.38536	-0.19943	-1.34347	-0.126408	1.48396	2.1447	0.656005	
Q13285	22.1872	-7.26308	4.13605	-3.43145	2.61099	-2.109	1.70054	-1.16993	1.50008	-1.10621		162.437	-48.8821	32.2808	-21.2711	16.2743	-17.9533	12.1286	-10.1621	12.1834	-8.29912		255.537	-46.5776	94.6565	-17.0398	9.88608	-75.3943	19.5749	-15.2418	27.6119	6.43274		-8.15398	-6.24012	1.99697	-0.981076	0.739502	5.5209	0.376171	1.44521	-4.61056	-0.268806		-0.791804	2.66256	-1.12051	0.623702	-1.48367	-0.890148	-0.233492	-0.620672	-0.102283	-0.611193	
Q01105	17.4582	-5.83946	3.38312	-2.4592	2.00146	-1.80951	1.30523	-1.06329	0.666151	-0.987745		141.106	-50.7177	36.1319	-24.2443	19.3629	-23.9886	15.3587	-17.037	11.2052	-5.95865		294.539	-137.411	107.988	-90.1724	75.7391	-113.065	47.6492	-80.128	57.9064	4.19883		-17.0152	7.48693	-10.5378	1.89744	-3.48798	9.08858	-6.83996	4.97812	-4.23027	-2.04476		0.751489	-0.223164	2.46323	0.172903	-0.0451793	-1.96227	1.85648	-2.47311	0.0850371	0.3627	
Q96RK9	23.8763	-8.12232	4.55862	-3.06998	3.10613	-2.1226	2.32089	-1.36008	1.20879	-1.50766		187.409	-54.5239	42.2752	-21.1217	23.0009	-16.3956	14.3063	-16.7499	9.1544	-7.60315		366.419	-47.1879	127.547	-5.228	33.0644	-45.9368	20.2747	-42.6257	13.4538	-20.3602		-14.2905	-3.30313	-8.47416	-4.20449	-4.49476	-0.63752	-0.808725	3.81042	-1.04974	-1.06568		-0.453384	3.96652	1.09804	2.67647	1.00657	-0.223161	0.625958	-0.760792	-0.630811	1.061	
P19338	27.8906	-10.3487	5.92336	-4.35476	3.64793	-2.53165	3.09319	-2.28727	1.81717	-1.7534		233.133	-68.9754	36.1539	-42.7151	20.832	-15.3751	27.4397	-10.5746	11.4942	-8.35733		543.015	-116.68	-6.83591	-138.143	28.8778	-2.07597	126.685	42.3474	-12.8007	0.827969		-28.5691	4.7569	0.909754	11.1611	0.579211	-2.98078	-11.0178	-0.216459	-0.703334	-2.15072		5.66681	0.888624	0.59737	-3.55563	0.104978	-0.46317	2.33245	-1.42052	0.469098	-0.38734	
Q13595	17.5727	-6.41975	3.94195	-2.83905	2.33722	-1.84759	0.93272	-0.757443	0.247263	-0.958446		140.202	-40.8657	29.9824	-22.9313	13.627	-12.814	14.0475	-8.66261	5.73914	-3.63007		307.675	-58.2772	49.0207	-86.6213	-6.31326	-61.3268	91.9684	-27.4446	24.067	23.1751		-23.9161	1.06338	-5.84569	13.3487	-1.20275	4.76987	-8.72274	2.14705	-0.83823	0.58015		3.87492	0.782181	1.49939	-2.06369	-0.973643	0.780395	-0.376399	0.651154	-1.39406	0.278816	
O95793	24.6928	-8.14711	4.80477	-3.6614	2.79274	-2.21455	2.15781	-1.48872	1.82766	-1.30019		188.112	-66.6973	34.2022	-26.077	20.0477	-15.9228	18.6033	-12.0674	10.5395	-10.6566		276.835	-161.347	-15.5263	-52.4016	19.8459	-31.6227	41.0279	-30.7114	11.3597	-21.3122		-12.7036	7.42181	0.979792	0.710961	1.44674	3.37631	-2.57378	-0.341542	-1.68512	-0.967681		0.672647	-0.945674	0.17326	0.685467	-0.294703	0.696724	0.943558	0.726175	-0.255513	-0.579038	
P17844	25.5473	-8.46338	5.61801	-3.62871	3.17717	-2.39903	2.35342	-1.10366	1.40612	-1.37644		193.918	-66.6416	44.8872	-23.7046	24.9998	-17.4788	14.3264	-11.7191	6.6207	-9.91578		349.373	-136.602	65.432	41.2915	51.3456	2.3368	-7.3753	18.9746	-75.4484	-5.47219		-12.7932	5.26216	-11.2022	-1.52704	-7.11438	0.474047	-1.26366	0.881281	5.17024	0.403432		0.217397	0.012698	2.30529	-0.523184	0.992449	-0.131859	1.10942	0.425357	-0.825118	-0.0108974	
Q49AS9	10.1484	-3.29564	1.98672	-1.22614	0.948357	-0.700657	0.59104	-0.462621	0.405017	-0.763429		76.3211	-26.1879	15.1756	-12.9071	11.9623	-7.63992	7.42646	-3.00583	7.97025	-5.32814		119.674	-55.137	26.5417	-14.7535	55.3786	-22.3993	5.05744	-28.5869	34.7107	-16.6945		-0.924601	1.35166	-1.4324	4.22025	-5.53674	1.66316	-3.67439	-1.72897	-4.68458	3.12672		-1.98503	-0.697445	-0.474978	-0.316599	1.24135	-0.580808	1.02364	1.11395	0.939426	0.332345	
P35453	19.3933	-5.8938	4.14388	-2.89569	1.65978	-1.9334	0.757139	-1.15923	1.19793	-0.886559		141.434	-48.3127	31.6658	-22.0409	17.7807	-13.9087	12.9297	-7.8567	11.1169	-7.16961		141.383	-101.207	80.1721	-53.4607	67.5075	-36.1931	37.569	5.26932	20.6493	5.25913		-3.51108	8.47183	-5.20222	2.89348	-3.52269	-1.36624	-3.90548	-0.970213	-2.35505	-1.09546		2.95548	1.70062	0.606464	-0.609128	-0.509032	-0.0628645	-0.0832793	-0.0115818	0.726331	-0.463112	
P62314	10.6236	-3.97731	2.7896	-1.45485	1.1806	-1.67876	1.14494	-1.30498	-0.116288	-0.984585		83.0078	-30.5749	18.5335	-17.9318	11.0243	-8.84806	3.07956	-7.66231	5.96297	-6.48872		149.04	-69.6804	68.3136	-48.178	45.4153	7.36241	-1.3324	-30.8021	10.5384	-27.3189		-1.98145	4.56169	-3.33233	6.981	-5.52433	3.21072	1.99558	2.83264	-1.23763	2.46149		-0.980899	-0.562342	0.95407	-3.80232	1.37751	-1.33679	-0.870149	-0.281059	0.57986	-0.543269	
Q15788	39.6604	-12.9993	7.71681	-5.77471	4.77341	-2.86372	3.17984	-2.7391	2.45328	-1.69381		299.522	-98.9009	55.5929	-36.489	37.2299	-24.9857	23.4407	-16.7205	18.7903	-14.4794		413.483	-73.5264	44.4229	90.5484	34.1926	-50.8789	-4.65318	8.57012	56.6866	3.21452		-21.1788	8.50627	-3.30984	1.4143	-4.76092	-1.39449	0.0834862	-2.9424	-2.78133	0.579525		2.44062	-1.55724	-0.305571	-1.51924	1.70382	0.740256	0.521639	0.663152	0.544867	-0.0653901	
P62310	9.67697	-3.70085	2.2815	-2.25862	1.4359	-1.10549	1.40224	-1.01525	0.53899	-0.282894		81.7863	-24.9576	15.5529	-7.41529	6.91137	-1.37726	6.03694	-6.96528	2.50463	-5.22924		177.408	-58.7851	2.64821	-24.493	-11.4994	35.2214	17.3728	-17.1935	9.04186	9.14057		-6.7444	0.181364	0.803989	-1.23659	1.54473	-8.6261	2.29748	2.30854	2.15609	2.76961		-0.377949	1.07419	-0.0778743	1.3616	0.719245	1.65827	0.0529716	-0.582256	-1.21275	-0.607679	
P83876	12.6641	-4.42046	2.28346	-1.98529	0.799621	-1.44574	0.682284	-1.2049	0.92958	-0.779383		89.5961	-31.3061	20.6744	-15.7229	7.79298	-7.9339	3.90145	-7.8723	6.97773	-8.53936		162.73	-55.0851	37.1002	-52.9408	4.9375	-34.7549	-5.24126	-1.06547	5.58237	-11.657		-1.67313	1.67843	-4.27624	1.54405	1.07846	1.01046	0.198789	-0.574417	-4.19809	4.91491		-2.08477	0.456823	1.13222	-0.793311	-0.998834	0.118007	-0.433	-0.579775	0.387286	-0.852572	
P14210	27.4537	-9.60018	4.94719	-3.88596	2.8781	-3.02092	2.23034	-1.77734	1.38791	-1.30422		209.617	-70.5651	34.4431	-30.0734	21.4218	-20.3361	13.9097	-14.256	8.71909	-13.775		369.401	-104.257	44.7894	-55.7339	26.585	-18.278	25.8803	-26.244	-1.88232	-52.6824		-17.5837	6.35322	8.681	2.03162	1.09456	2.64069	0.471925	0.978044	3.09635	3.44723		0.193125	-0.770123	-2.63849	-0.436401	-0.432522	-1.0349	-0.350411	-0.606758	-0.543719	-1.55364	
P60842	20.9439	-6.81082	4.33314	-3.05559	2.70022	-2.06231	1.52976	-0.550161	0.78225	-1.08037		154.229	-50.806	35.4497	-19.7374	20.6855	-12.1971	13.7613	-9.55063	12.1117	-9.2058		247.99	-129.683	83.2935	-9.67645	49.7562	-6.05889	32.179	-33.8943	28.8211	-25.5242		-3.9699	1.81328	-5.78087	-2.34342	-5.10526	-1.68922	-2.24951	1.60375	-3.24351	0.570244		-1.20894	1.72376	0.783295	-0.565234	0.443749	1.23428	0.726098	0.880571	0.751295	-0.628352	
Q3MI39	25.1337	-8.17671	4.96675	-4.01319	2.83738	-2.29325	1.66293	-2.23453	1.29124	-1.57531		198.553	-67.234	37.2174	-29.673	20.4382	-19.0253	12.718	-15.044	12.3084	-11.6641		387.828	-177.071	63.9984	-47.7167	40.6246	-34.2778	20.056	-44.8647	45.3081	-32.2428		-17.9401	10.0092	-1.30025	3.62615	-0.842966	1.97771	1.51449	3.15274	-1.20951	1.02466		1.55356	-1.91485	-0.529905	-1.17242	0.286288	-0.762963	-0.385399	-0.900175	-0.395969	-0.259911	
P01236	14.6187	-4.83043	2.95788	-2.10049	1.74195	-0.707798	1.19601	-1.08094	0.725293	-0.408166		112.27	-42.9609	19.5328	-18.878	12.4426	-7.81319	10.2627	-9.11529	8.51707	-2.11373		171.389	-105.736	23.1032	-59.4535	6.05275	-23.2006	56.9231	-24.4367	45.4518	0.206793		-1.10015	6.28632	2.40184	4.55971	-1.95463	-2.11977	-2.32566	0.138453	-2.25842	-2.4563		-1.70917	-0.219548	-1.57609	-0.483237	-0.388334	0.94931	-0.359853	-1.19253	-0.80945	1.67619	
P49458	9.80169	-3.30789	1.69092	-1.36753	1.08185	-0.946931	0.192464	-0.707943	0.39219	0.169369		71.569	-24.5441	15.2678	-9.76171	6.43053	-4.92001	5.8865	-11.4693	6.10967	-4.47259		141.391	-62.0376	26.4704	-37.3357	-5.82445	-0.99929	-0.393542	-42.9697	7.1001	-36.434		-4.33227	-0.717982	-3.39931	-0.400097	0.536261	-4.06121	-1.9572	6.04232	-0.910725	-0.0624488		-0.622835	0.0267445	0.171073	0.070367	0.0507272	0.359156	0.382661	-2.08165	0.521222	0.283503	
Q9NY12	16.4494	-4.18337	4.40657	-3.60636	2.06161	-2.09615	1.09777	-1.0654	0.772122	-0.68766		117.104	-37.0872	24.199	-19.0991	14.2479	-13.1462	7.34491	-5.89078	5.67589	-5.58971		174.106	-88.1585	10.5184	-22.8679	21.3586	0.921405	17.8667	-5.78969	1.41053	-12.8438		-10.3858	2.7912	-5.47813	4.28258	-1.09797	2.08963	1.43443	-1.46299	-1.52108	0.277379		2.48046	1.79688	2.92875	-3.22768	1.64299	-2.3874	-0.516266	0.681876	-0.506063	0.755854	
P04150	28.9244	-9.45441	4.9897	-3.8273	3.01963	-2.91773	2.00956	-1.04746	1.98251	-1.96049		217.518	-65.0363	39.4995	-29.6489	21.3729	-21.603	20.1418	-14.8698	14.9598	-7.68782		303.248	-81.9031	74.426	-59.7419	23.6145	-39.9227	91.7702	-11.8123	-0.481263	8.90378		-11.6017	-0.800155	0.526673	0.349674	0.333162	4.11973	-3.68475	-0.0825782	-3.11343	-4.01771		0.711116	1.69766	-1.65329	2.36732	-1.05963	-0.863884	0.0919685	0.096675	0.200937	1.78088	
P23511	20.3175	-6.45112	3.87163	-2.82523	1.11004	-2.5254	1.78923	-1.39674	1.3322	-1.18909		142.087	-47.4273	32.2974	-24.0073	24.3362	-13.5731	13.1132	-11.2405	7.44836	-6.33318		74.3543	-90.56	127.217	-106.118	103.293	-44.2753	13.151	8.10195	3.17107	-2.45879		-3.29511	1.48483	-6.1735	8.27367	-11.7466	0.61061	-2.6864	1.2929	0.755306	-1.78904		2.88378	0.0195776	0.177941	-0.457101	2.08016	-0.198438	1.00917	-1.57841	-0.609892	0.756147	
Q7Z3B3	33.6601	-11.05	6.71607	-5.1467	3.95172	-2.95344	2.33276	-1.48562	1.73531	-1.69753		262.637	-88.4426	52.913	-41.7924	29.2894	-22.6366	19.9468	-20.115	16.6509	-13.7201		433.361	-191.644	68.381	-81.9648	42.639	-6.37884	48.715	-62.7436	31.7211	-23.949		-17.3837	9.93966	-5.40544	8.21457	-1.14215	1.50532	-2.29945	6.62189	-2.00622	0.603853		1.98061	-0.625694	1.19395	-1.58824	0.374662	-0.54063	0.340671	-0.539788	1.17327	-0.477486	
O60341	29.9737	-9.95096	5.49619	-3.77859	3.29417	-2.34287	2.73253	-2.04316	1.75836	-1.63842		229.37	-70.0562	41.7961	-24.3583	22.539	-28.1572	14.1273	-16.9756	11.9517	-10.2013		372.878	-119.817	8.29296	6.37043	-3.0963	-117.252	-11.1028	-20.3904	-18.9802	-26.5957		-13.106	-2.25886	1.92145	-5.12987	4.18909	11.7991	3.44083	3.99575	0.647902	1.79227		1.33774	3.28999	0.936763	2.297	0.683383	-0.199648	0.0162495	-1.226	0.31868	0.660204	
O94906	32.1052	-10.6336	6.56647	-4.84705	3.64597	-2.47191	2.17447	-2.59602	1.85394	-1.74022		245.022	-73.8387	51.8634	-32.0608	27.364	-24.3019	14.2773	-18.816	12.0952	-20.0771		472.256	-132.775	124.112	-53.1282	80.5196	-62.2829	-18.3655	-97.4166	-6.85325	-93.0198		-19.8077	-3.29588	-9.10595	2.56045	-1.28366	4.58194	4.45962	3.35958	0.337728	6.83646		1.60229	1.23682	0.411634	1.03387	-0.041299	-0.551619	-0.0602556	-0.0532613	-0.19331	-1.3282	
P15172	18.1985	-6.57486	3.90125	-1.93872	1.93236	-1.70834	1.70305	-2.01168	0.741979	-1.16063		141.296	-48.2373	26.8393	-22.3486	14.5783	-12.579	13.674	-14.2754	8.83511	-7.48762		263.086	-43.4628	12.3178	-62.9144	6.07673	0.552727	9.48629	-40.3818	-3.48415	-1.41589		-10.6648	5.64748	0.897328	3.386	1.64611	-0.927377	-4.80784	7.87998	-2.21014	1.17711		1.34636	-2.0063	-0.619043	-1.7366	-0.823627	-0.261046	2.49404	-1.07583	0.739261	-0.604316	
Q8N3U4	35.5766	-11.5861	7.26058	-5.18891	3.93082	-2.54646	2.45515	-2.62377	1.71072	-1.74175		272.098	-88.4405	56.9737	-36.6053	34.7125	-24.3188	23.5588	-16.4564	21.3762	-16.1828		494.041	-162.087	79.4848	-65.9439	80.6583	-48.4227	51.8886	-18.7722	55.4106	-50.8021		-12.4687	1.80528	-6.50717	1.36903	-7.00505	1.9265	-4.52	-0.677535	-6.06435	2.42404		-2.1179	2.20434	0.794875	1.2395	1.51739	0.547945	0.689692	0.0496122	1.24125	0.407207	
P60484	20.5165	-7.19467	4.21765	-2.89254	2.35165	-2.35857	1.85794	-1.132	1.06974	-1.32923		155.256	-52.3363	37.1715	-28.451	17.0594	-15.5917	13.977	-12.8461	10.7403	-9.48493		299.131	-88.1468	81.8765	-72.1362	15.7338	-13.0755	25.4194	-44.1451	19.4046	-1.29101		-10.0355	3.97546	-5.97712	6.25715	-1.6954	4.19069	-1.945	4.73485	-2.6847	-1.7352		-1.87769	0.474083	0.564716	-1.68642	-0.46299	-0.30428	0.926182	-0.0944617	0.0357127	-1.10393	
P19474	22.4187	-7.72553	4.17782	-3.17305	2.47543	-1.9328	1.92846	-1.98193	1.45924	-1.20206		170.291	-57.0235	25.8706	-26.03	14.9525	-12.1425	9.33845	-14.9573	10.7387	-7.83282		330.582	-110.68	-22.8789	-53.9816	-9.98009	12.8608	-5.34951	-13.2027	22.5318	-6.52379		-9.92887	4.94593	3.91345	4.90673	3.40197	-2.79268	3.93955	4.54606	-0.349789	-1.63802		0.46353	1.18444	-1.22291	-0.352597	-1.53751	0.632435	-1.04193	-1.10702	0.588081	0.35339	
Q9Y4Z0	12.3245	-4.3161	2.43736	-2.00896	1.29484	-1.54458	1.04208	-0.719189	0.115369	-0.773129		90.5485	-34.2667	19.6442	-15.1384	7.194	-10.4169	8.52893	-11.4427	4.85589	-8.44789		154.015	-75.112	0.489431	-14.476	16.8165	-31.109	26.2676	-34.3099	-13.628	-37.0943		-5.13874	6.06301	-2.63812	4.32693	0.926228	1.20455	-1.40538	9.12086	-2.54657	2.96186		-0.32578	-2.29198	2.01001	-1.85963	-1.22835	0.013355	0.394037	-2.12636	-0.0893673	-0.543966	
Q9UKC9	20.3579	-7.05164	3.99062	-2.88191	2.10386	-1.81084	1.37358	-1.03955	0.946235	-0.914828		153.671	-50.7152	30.0149	-23.827	17.2439	-14.5868	10.6319	-10.0934	9.71142	-5.81783		243.802	-92.5763	62.9775	-54.3152	42.4801	-17.6967	-0.754467	-19.4356	27.0737	16.4686		-0.117136	-0.916274	1.56009	2.89911	-0.896317	1.70137	0.26943	0.569224	-1.326	-1.4212		-1.57785	-0.00315831	-1.37274	-0.315491	-0.546231	-1.40572	0.123617	-0.0362301	0.125058	0.20331	
Q8WXF1	23.8549	-8.52287	4.92459	-3.5488	2.51813	-2.4488	1.93713	-2.04728	1.55086	-1.11879		182.341	-67.2197	37.4201	-19.9076	15.941	-17.1748	13.5272	-14.6237	13.413	-11.097		360.313	-161.651	34.7018	57.5825	-71.6076	-19.8468	23.8019	-52.5783	55.4684	5.16657		-14.8103	15.7311	-6.18724	-5.22836	3.57129	3.91334	1.03882	4.12245	-6.1135	2.09024		1.0951	-2.56181	1.90779	0.137888	1.03801	-0.106573	0.721506	-0.715927	0.32704	-1.08162	
Q13523	32.3394	-11.0556	6.00549	-4.48855	3.02245	-2.90317	2.50467	-2.53108	1.51355	-1.86592		273.556	-76.3115	43.2776	-31.9693	27.56	-21.5497	22.7379	-13.9403	19.3544	-14.6632		689.107	-102.306	40.5719	-62.2495	87.3016	-18.6467	25.2287	-7.52105	80.2406	-57.7954		-46.4305	-0.448228	9.4992	1.16246	-5.09311	-2.21655	-3.03184	-0.157679	-8.09406	0.165982		6.40462	2.38567	-3.21552	1.41954	-0.0616852	0.737818	0.754767	0.538052	1.61978	0.614833	
P35268	11.6603	-3.88461	1.625	-1.56399	1.97828	-1.11711	1.24297	-0.858831	1.18658	-0.951466		88.6043	-30.2883	18.1411	-16.0008	11.6452	-10.0041	8.10794	-9.07497	6.90318	-10.5216		169.426	-57.4972	64.5064	-35.2438	10.1801	-29.5724	23.9373	-40.4292	18.9345	-57.9444		-4.50724	4.67129	-4.09918	3.61814	-0.552774	1.62634	-2.38366	5.7	-0.948258	5.74429		-0.319666	0.639082	-0.981394	-0.546903	1.03144	-0.269303	-0.461227	-0.139234	0.313143	-0.846694	
P01344	13.4619	-4.58527	2.82601	-2.34881	1.67929	-1.55624	1.31032	-0.609989	0.419759	-0.580884		97.4765	-39.0089	18.5382	-17.7286	10.5396	-10.7915	8.52141	-5.81747	6.31364	-5.82417		148.033	-103.78	30.2759	-69.9002	20.1785	4.29119	-1.57435	7.81352	-12.5931	3.58271		0.192118	9.28801	0.915167	3.10392	2.38814	1.30486	-3.63607	-0.185033	-0.543548	0.780375		-1.19931	-0.892223	-0.679671	-1.38231	0.0569861	-0.293709	-0.111352	-0.440867	0.475578	-1.00392	
O14746	33.7777	-11.0945	6.50703	-4.8742	3.37914	-3.41852	2.5915	-2.40329	2.3178	-2.23751		250.557	-83.2331	45.5169	-35.2158	22.7685	-23.9989	19.7272	-14.4069	16.1221	-8.89622		412.57	-158.49	34.0341	-18.4109	34.1965	-38.9924	27.4832	11.9754	29.6257	12.2306		-8.80547	0.629771	7.09667	1.74341	4.0104	1.75069	-2.67721	-3.86058	-2.76735	-5.30583		-1.26109	2.59609	-1.38215	-0.208907	-2.41466	-0.263134	-0.0980545	0.190156	0.82491	2.00847	
Q01094	21.2521	-6.90437	4.50695	-3.10963	2.05524	-1.69802	1.00862	-1.51202	1.07699	-1.18092		160.771	-57.1005	29.9243	-26.1383	14.5011	-15.7216	11.6033	-9.79952	12.7542	-9.9154		233.017	-110.285	5.37428	-90.7571	21.0094	-56.552	44.8425	-16.8315	45.7937	-12.8819		-5.68709	5.57941	2.94069	6.14845	5.39943	3.58203	2.62039	-2.00597	-4.88366	1.20902		0.501618	0.420309	-0.0728406	0.415597	-1.50067	0.268614	-0.927476	0.869647	1.04483	-0.10182	
P04637	19.7714	-7.23349	4.24327	-2.98013	2.03918	-2.16229	1.97635	-1.28942	0.716646	-0.554646		153.069	-53.9519	36.9549	-22.5791	21.2868	-14.9968	8.33794	-10.9685	13.4376	-11.3559		228.619	-134.04	93.9767	-28.7528	88.5881	-27.3427	-19.7272	-35.6009	53.3227	-55.9627		-10.4467	7.00058	-8.02608	3.34447	-5.63169	1.08575	3.10932	-0.113396	-4.80499	3.27534		0.245393	-1.14943	0.616242	-1.09828	0.325078	-0.286713	-0.74807	-0.783384	1.96282	-0.304231	
Q92841	28.2203	-9.32214	5.87998	-4.3012	2.73439	-2.51239	2.24587	-1.95245	1.30953	-1.64486		209.314	-73.8993	45.8132	-30.2071	21.783	-22.5692	10.9677	-14.9824	7.91991	-9.92719		354.786	-139.607	32.6235	1.95024	-37.2287	-54.3018	-59.1743	-12.3415	-37.0346	36.2275		-11.9701	8.59586	-7.65283	4.72221	-0.130229	7.11451	5.48724	3.96875	3.99133	0.264009		0.338316	-0.881824	2.90053	-1.46958	1.38873	-0.619071	-0.0512831	-0.5606	-1.36152	-0.32262	
Q96DU9	20.8287	-7.33314	4.34268	-3.23759	2.27659	-1.57855	1.88843	-1.34416	1.12738	-0.581352		151.902	-53.7544	32.0314	-18.8871	17.5855	-13.703	11.6421	-6.08724	10.2401	-7.72864		280.382	-135.704	86.4067	-8.9601	21.6917	-14.6545	-2.94547	18.5232	21.3088	-46.8433		-8.67294	3.71249	-4.11197	-2.04479	-0.348143	-0.0328168	3.10921	-3.96991	-2.39074	-0.121761		-0.966249	-0.538559	-0.0106533	0.932412	0.742581	0.021195	0.344434	-0.260436	1.06066	0.695684	
Q15910	28.0368	-9.67869	4.92209	-4.38764	3.17256	-2.09434	1.84074	-1.11997	2.79117	-2.07075		221.031	-72.3874	37.0861	-31.3084	22.8372	-21.8923	19.9603	-4.84645	19.7058	-13.2104		440.521	-119.281	46.1113	-65.3339	29.1693	-29.7985	84.3738	42.056	83.9921	-5.75668		-22.7053	6.67026	2.54233	0.46064	-2.54254	-1.04722	-4.71713	-6.85066	-8.86344	2.73454		1.83137	-2.04634	-0.619363	0.535391	0.417331	0.980332	-0.354419	2.16537	2.15922	-1.19502	
P01106	22.5255	-7.19683	3.90044	-2.56859	2.1554	-2.60475	1.59175	-1.39958	1.28028	-0.865574		165.771	-60.4433	36.7483	-21.5138	18.6229	-16.8668	14.8645	-8.12061	5.84213	-8.56221		247.78	-144.498	115.975	-51.7968	29.149	-40.8881	58.3698	-7.5966	-17.4978	-24.7044		-12.4194	8.42805	-9.81114	-2.27973	-2.08184	0.881231	-1.1324	-0.999141	4.32066	1.55112		0.790811	-2.30748	0.186508	0.358747	-0.770006	0.235624	-0.231485	0.103872	-1.12724	0.46081	
P14678	15.8299	-6.09894	3.73404	-3.13148	1.39525	-1.5824	1.39207	-1.33674	1.05873	-1.22517		117.145	-36.5625	21.4992	-17.656	9.23716	-11.277	9.50892	-6.8017	9.47375	-3.84481		167.794	40.6901	18.5373	-50.2189	-20.8866	-27.4808	7.77475	4.78462	25.6615	2.68306		-3.42658	0.574434	-4.00109	5.21017	0.636008	2.10047	-0.908707	-1.74378	-4.65587	0.878689		0.706141	-2.15447	-0.363469	0.714701	-0.330012	-0.119266	0.240228	-0.229126	1.06037	1.26878	
Q9UK45	10.5976	-3.80381	2.06918	-1.55502	1.12877	-0.889317	0.36934	-0.0571784	0.38991	-0.637722		80.6189	-22.6759	16.5472	-6.10617	8.21614	-9.56893	12.4152	-3.54884	2.7635	-4.24743		172.743	-3.07106	37.5694	39.46	1.7635	-24.8717	38.1288	11.6771	-11.8514	2.05436		-5.1016	-2.27961	-1.27836	-5.69267	1.06036	4.57785	-8.33595	-1.6728	1.71633	0.489935		-0.78025	0.670631	0.598239	0.395191	-0.472489	0.288514	2.18093	1.37213	-0.00588404	-0.567781	
P37108	11.8487	-4.05392	2.32249	-2.14715	1.30793	-1.47689	0.18313	-0.544015	0.458936	-0.345497		91.2817	-34.7661	16.8872	-14.5885	7.45257	-4.14803	3.97919	-5.63758	7.54926	-9.49947		167.544	-62.3516	6.96369	-11.7328	-27.2762	50.3142	-33.3937	0.623504	42.5863	-45.5523		-5.54645	4.18103	1.96688	1.1467	6.48842	-4.53327	3.31463	0.664202	-3.29943	6.22058		-0.0604059	-2.35287	0.674915	-2.164	0.684446	-0.176114	-0.6738	-0.377724	-0.0710291	-1.09773	
Q12766	40.3296	-13.2272	8.07141	-5.35953	4.31969	-3.43429	3.15277	-2.29728	1.78283	-2.06211		301.275	-97.7354	56.4577	-42.5195	34.2179	-30.125	19.5026	-21.6989	16.3545	-14.6517		458.038	-109.426	106.931	-71.6043	37.4555	-88.1442	-13.8278	-54.0808	5.46416	-10.4456		-15.4343	-2.20285	-0.964631	-1.85621	-3.67492	7.06229	2.24461	3.25721	1.62253	-1.4181		0.71788	1.42447	-1.2403	1.1227	2.08672	-0.543769	-0.582956	-0.404587	-0.997569	-0.479556	
P62312	9.32272	-3.43227	1.57548	-2.02569	1.13359	-1.00044	1.13753	-0.441326	0.342989	-0.556541		67.4525	-24.3052	16.1948	-8.01412	5.31835	-4.57931	7.08549	-6.1152	1.54498	-7.05789		99.0055	-30.0332	30.5843	-4.31361	-1.31909	1.88069	12.7495	-16.1259	-0.561841	-20.8633		-1.52666	2.00674	-4.88489	-2.34214	1.37302	-1.84133	-2.81606	3.24089	1.25839	4.82643		-0.928377	-0.1273	0.341064	0.511993	-0.382406	0.815803	0.450428	-0.297238	-0.367397	-0.632584	
P62316	11.3559	-3.72595	2.12227	-2.47445	1.03103	-1.25328	1.09954	-1.33124	0.597329	-0.531986		87.7633	-28.1788	17.9614	-10.8102	4.79757	-5.81427	0.281082	-8.55275	3.09229	-6.44532		167.816	-67.5318	55.5868	6.10346	-0.228863	-23.2284	-61.3581	-35.094	-5.17238	-14.1886		-8.57528	1.70795	-2.95416	-1.50251	4.80077	-3.07663	7.63247	3.16749	2.41803	1.67169		0.292272	-0.0463207	-0.49781	0.430874	-1.37985	0.906295	-1.41565	-0.696703	-0.199467	-0.936366	
P25208	14.4774	-4.64758	3.43194	-2.02065	1.2862	-1.46145	0.655983	-1.4015	0.975332	-0.866566		115.765	-35.1004	22.5229	-17.4494	10.7006	-12.5421	3.80827	-4.92995	9.48767	-4.07179		200.497	-55.9706	2.6225	-10.5811	-23.7955	-22.6804	-39.3557	8.46614	27.9798	13.2982		-7.61564	-0.578235	-1.0969	2.00534	1.98134	4.6615	2.54235	-0.881175	-4.31828	-1.11309		0.932138	0.732898	0.249022	-0.690566	0.672226	-0.139394	-1.45567	0.598917	1.11011	-0.283306	
Q15410	12.9693	-4.58077	2.35188	-1.49266	1.43661	-0.723301	0.972728	-1.09289	0.820226	-0.621963		111.401	-33.09	16.8238	-13.2053	11.3304	-14.8446	5.20061	-4.65788	5.78139	-6.24324		340.537	-42.5498	-2.73282	-15.447	3.66847	-80.1226	-3.57746	-9.27198	24.8282	-17.4271		-27.5153	-1.1863	2.15951	3.62817	-3.18667	7.85135	-0.457629	0.140214	-0.92569	2.57979		4.34234	0.873614	-0.384201	-0.63261	0.335209	-0.835364	-0.40098	0.790548	-0.282837	-0.588962	
P05455	21.176	-7.11039	4.25995	-2.82835	2.78029	-1.94333	1.52285	-1.07751	1.33652	-1.11779		164.225	-59.7449	35.3416	-26.527	22.7798	-19.6458	13.7825	-7.56259	16.8587	-11.7832		361.554	-152.352	71.0891	-52.0506	58.5395	-66.5331	27.6465	-6.70567	58.6555	-44.9173		-14.013	9.15081	-5.2669	6.32564	-7.07412	6.49942	-1.57756	-3.64308	-7.50295	3.6725		-0.404131	-1.89477	1.50772	-1.40802	1.94749	-1.52636	1.06994	1.13357	2.15043	-0.396167	
Q9H0W8	23.8161	-7.99297	4.8663	-3.05865	2.36498	-2.13294	1.48135	-1.56954	1.66084	-0.835616		176.884	-53.0678	35.8193	-23.6889	19.6856	-13.5481	12.0069	-11.2802	14.2345	-11.2582		269.042	-70.4236	74.5565	-14.7343	36.6293	7.01418	6.08151	-22.5833	31.9665	-58.2917		-12.0747	-3.90075	-6.00848	-0.331613	-1.00627	-1.60211	-0.00976393	-0.183357	-6.7263	4.42185		0.416866	2.89036	0.0166716	-0.292723	-0.431653	0.804823	-0.139709	0.162565	2.10987	-0.132281	
B7ZL34	19.1459	-6.38035	3.7663	-2.82992	1.70678	-2.31458	1.41652	-1.08082	0.987328	-1.447		146.505	-47.1005	31.5288	-25.3673	15.1279	-14.7824	9.2631	-11.017	5.9891	-6.36295		217.003	-70.8939	56.0438	-62.0258	22.616	-37.1588	2.16372	-31.9064	19.7329	42.0854		-6.52095	0.968046	-4.79818	5.38422	1.92739	2.36288	1.71162	1.61527	0.606486	-1.20542		1.84806	0.052878	0.603673	-1.28235	-0.641837	-0.528268	0.583642	-0.605179	-1.67432	-0.317548	
P07910	18.2185	-6.3561	4.0972	-2.15203	2.07762	-2.2848	1.6961	-1.40348	1.15428	-1.3253		140.288	-55.7335	36.5988	-25.5995	18.6491	-15.5689	16.2411	-9.07656	10.0465	-9.71304		240.125	-152.2	111.016	-88.1775	49.8798	-48.205	50.467	-54.2339	40.9567	-37.8861		-10.3523	13.366	-6.09347	3.30431	-5.84141	2.13682	-3.77213	0.263016	-2.67957	2.1812		1.35684	-1.99956	1.70212	-0.994672	0.0401205	-1.3723	1.54208	2.10421	-0.0532754	-0.928012	
Q6IBM8	31.819	-10.6408	6.33178	-4.15452	3.07068	-2.72091	2.43206	-1.707	2.35805	-1.78794		241.186	-74.2007	52.9485	-25.1524	29.2612	-17.2141	19.5579	-13.4497	18.2812	-11.84		444.899	-83.7151	126.064	8.22584	68.4255	0.792714	38.9106	-29.9138	66.3742	-5.80094		-8.26049	-2.57052	-5.75664	-6.96002	-4.69315	-3.0924	-1.6561	0.204442	-2.78481	0.9642		-2.98065	1.19109	0.434082	2.28312	0.503887	-0.00830697	-0.692412	1.05006	0.753897	0.300253	
Q96DI7	19.2639	-6.89842	3.55407	-3.24549	2.31926	-2.42347	1.08641	-1.16418	0.688525	-1.05594		144.619	-49.8344	28.4455	-18.7531	18.0979	-10.8069	12.514	-9.32174	7.25924	-6.95841		209.368	-88.3571	44.4107	-33.131	54.0447	9.7893	33.8047	-2.38406	32.2306	17.0954		-5.98275	2.69517	-1.51564	-1.27926	-3.54413	-2.63634	-0.818335	-0.221196	0.0607015	-1.8944		0.280617	0.400006	-0.186387	0.63255	0.592425	0.547356	-0.806324	-0.523514	-0.922345	-0.0352178	
P08047	29.489	-8.66281	5.9812	-4.0997	3.27674	-2.85457	1.83237	-1.76089	1.7545	-2.01267		219.243	-70.6131	48.4278	-30.3931	28.8855	-19.1576	9.98429	-12.177	14.2199	-12.1401		148.422	-91.0433	161.769	-90.6023	87.4855	-16.6577	-23.2164	38.7462	3.41378	5.23867		-10.8966	3.32683	-8.37418	2.18686	-7.81098	2.96315	8.83598	-4.64769	1.19905	-1.64219		4.9601	-0.65716	2.09128	0.115947	1.74501	0.141948	-2.13596	0.162468	0.933248	-0.601947	
Q13952	21.9955	-7.34558	4.44166	-3.37314	3.14473	-1.7367	1.24905	-1.25431	0.966875	-0.477696		167.126	-57.0614	33.1715	-22.6109	15.2568	-11.9426	14.0012	-11.6943	12.394	-6.77914		204.32	-3.83071	83.1363	-42.4713	-55.0023	-32.7563	6.80627	-10.318	21.9579	-6.68737		-10.57	6.88835	-1.70208	1.28858	1.46904	-3.33042	-4.17426	1.07259	-3.29777	-1.70991		1.84313	-3.26326	-0.20853	0.602634	0.50571	1.98904	0.222859	-0.295347	0.66722	0.966788	
Q15233	22.9254	-7.82831	4.45031	-3.24506	1.7628	-1.94029	1.23491	-1.87141	1.15108	-0.773188		176.091	-59.2881	40.4053	-17.6359	15.8961	-10.7532	10.4923	-9.97095	11.9178	-10.836		350.409	-155	76.4558	13.5148	-62.4546	32.7943	-14.8907	1.55121	66.9081	-10.2324		-19.8857	6.64289	-13.3836	-8.05583	1.7138	-4.62846	2.15774	-2.4784	-2.99306	4.50313		1.94086	-0.685241	3.19748	0.975043	1.10291	1.3104	0.181764	-0.0394867	-0.0180017	-0.541072	
Q96BK5	18.2768	-6.04903	3.83863	-2.30332	1.90751	-1.9265	1.29666	-1.28006	0.871828	-1.16378		151.745	-52.8591	31.1906	-23.9801	15.9977	-11.3161	12.1764	-11.8967	10.5486	-9.40695		302.767	-131.904	74.1247	-69.3736	47.2081	16.7351	54.0912	-72.2446	43.2433	-33.8409		-19.7855	9.15596	-5.89589	3.78573	-2.93384	-2.33713	-2.58225	3.6286	-2.42498	2.26664		3.19991	-1.68801	1.62576	-0.734369	-0.0885439	0.244491	-0.557836	0.0371832	0.158634	-0.221483	
Q6P2Q9	48.7467	-16.4823	10.152	-7.20855	5.82496	-4.40335	3.66848	-3.20552	3.03705	-3.15054		367.933	-121.923	74.2051	-50.6986	43.4014	-34.5817	31.2039	-25.946	19.9441	-18.8664		661.197	-172.42	108.461	-70.6135	77.9362	-42.5949	68.0462	-32.2835	10.394	-9.18628		-21.1513	3.33277	-3.63355	-0.565687	-2.71859	3.11627	-7.08391	3.74014	-0.94105	1.02607		-6.06455	1.38167	-1.24725	0.911571	0.126928	-0.288047	1.72347	0.945081	0.496406	-0.050201	
P23246	29.6198	-8.58189	5.65996	-4.4809	3.00601	-2.70627	2.44925	-1.35274	1.51801	-1.84627		212.43	-74.776	48.1375	-32.8194	23.9697	-11.0991	12.9904	-13.9977	9.16141	-13.0362		305.25	-249.176	118.498	-32.1018	77.2884	87.9682	-28.8097	18.0864	-21.3722	-0.307486		-25.9747	7.12881	-13.7799	9.38886	-2.46537	-9.02802	2.11564	3.03822	5.31405	4.85061		4.50201	0.648154	2.17537	-2.52695	0.541276	0.724124	1.09651	-0.143278	-0.443808	-1.3533	
Q13127	34.0241	-11.133	7.25373	-5.52404	3.55421	-3.17999	2.63775	-2.33352	2.10485	-2.10381		270.003	-92.2637	48.4072	-40.7844	36.2091	-29.6624	12.9305	-18.0169	15.9104	-17.876		517.273	-171.24	21.9124	-118.274	66.3967	-70.8469	-47.6958	-46.8577	57.2574	-76.1246		-28.55	11.3614	4.29702	8.58205	-3.98146	7.04681	5.76442	-1.51516	-2.31202	7.16265		4.0112	-1.49865	-0.963605	-1.06742	1.90614	-2.24911	-0.146532	0.178527	-0.064441	-0.63046	
O00425	25.0075	-8.28099	4.81824	-3.9951	2.80257	-2.26439	2.23715	-1.68872	1.62236	-1.22873		187.202	-62.3651	34.98	-28.3812	23.0476	-20.4552	14.9762	-10.5482	10.3599	-9.6784		297.941	-91.461	45.6856	-37.9391	74.2485	-68.4653	-11.4632	-3.04581	-19.7968	-28.5193		-8.46108	2.6127	1.37085	3.12689	-0.531207	3.84217	-2.94695	-0.947877	0.553655	2.19373		-0.196593	-0.347202	-0.860423	-1.66132	0.29029	-0.141916	0.696007	0.0551934	0.0399261	-0.317326	
P84243	11.6229	-3.9898	2.00653	-1.78386	0.864409	-0.953176	0.685289	-0.832867	0.490105	-0.740734		92.3004	-26.7716	18.2109	-12.153	9.10289	-9.1197	8.33333	-6.83923	4.25775	-5.06863		178.171	-44.9092	12.3171	-29.3351	46.4634	-29.2418	26.9344	-11.9287	-1.90025	-24.015		-8.39682	-3.91203	1.38587	0.508607	-1.39984	1.01724	-2.83392	1.04619	0.75602	1.73431		1.27617	2.06202	0.924991	0.085481	-0.94757	-0.243473	0.811569	-0.356735	-0.314785	0.401713	
Q9UKL0	23.0156	-6.85035	4.5845	-3.5996	2.255	-2.50479	1.5862	-1.55662	0.990104	-1.24296		177.82	-61.2478	35.3204	-21.5785	18.1813	-23.5342	17.3922	-10.4611	11.0837	-12.0815		283.856	-183.539	11.8831	-30.9347	51.3799	-60.7131	68.9516	24.2819	45.9516	-18.7166		-13.7818	10.4574	0.806243	0.196229	-0.511708	9.37089	-5.01526	-2.06943	-3.58595	1.71984		3.62736	1.45766	2.51767	2.16008	-0.69382	-2.21026	0.498466	-0.450776	-0.250016	-1.08661	
Q06787	25.6235	-8.79131	5.78342	-4.02256	3.1802	-2.46611	2.03002	-1.3925	1.35455	-1.40489		200.429	-72.1957	45.7982	-32.8229	27.895	-21.5198	14.368	-11.1504	12.9942	-13.795		381.114	-130.712	100.44	-92.4512	69.5377	-48.0541	15.0104	-15.1218	35.1864	-27.5663		-14.077	11.5009	-12.4869	8.50427	-6.63163	5.00129	0.203702	-1.11139	-1.10127	7.38108		0.546932	-2.72611	2.44416	-2.26337	2.3009	-1.26692	-0.0782344	0.572473	-0.136476	-0.834347	
Q9Y333	9.74589	-3.85204	2.27588	-1.53542	0.367292	-1.50399	0.501823	-1.21144	0.76982	-0.729508		71.5906	-27.0774	13.4971	-14.7719	9.85853	-11.5049	3.06711	-5.95732	3.84691	-5.7606		114.539	-51.8318	19.5578	-30.3161	20.6534	-48.6996	-8.70558	-16.1146	5.74104	-21.3498		1.58039	3.55048	1.26625	2.16231	-2.70102	3.82673	0.416118	-0.375698	-0.168572	3.73347		-2.31462	-0.785353	-0.445424	-1.39105	-0.24345	-1.48638	-0.0718565	-0.481836	-0.0498922	-0.924164	
O75643	46.7237	-15.845	9.59435	-6.82726	4.60528	-3.92512	4.31181	-3.57254	3.0374	-2.98658		357.509	-107.604	75.91	-48.7339	42.5851	-33.0882	26.3916	-25.2322	19.909	-19.1537		669.805	-121.287	157.298	-63.3757	85.8498	-74.9683	38.6378	-27.0591	13.2691	-66.4091		-15.6467	-4.38296	-7.69463	-1.32412	-4.40343	2.15867	0.402435	0.709878	0.0498238	-1.72016		-3.76069	4.5013	0.802475	0.19606	-0.0133591	1.0309	-0.4067	-0.395205	0.420865	0.259413	
Q9Y6Y0	26.6484	-9.13901	5.37758	-3.76367	3.44871	-2.39692	2.01015	-2.18572	1.73323	-1.68686		194.301	-64.2617	35.0367	-28.2221	21.6259	-16.4112	14.8654	-16.0921	10.1007	-10.424		314.843	-61.2614	30.7236	-45.3175	1.49736	-16.4893	23.7504	-28.6846	-4.71557	-12.3205		-7.08108	3.99986	2.77007	0.832447	-0.29197	-0.290418	-0.877818	2.4255	1.41548	-0.0220778		-1.35482	-0.803879	-0.372012	0.464752	0.652346	-0.00465443	-0.29556	-1.24272	-0.281085	0.691134	
P05067	28.2905	-9.28303	5.14791	-3.8579	3.13517	-2.39714	2.7431	-1.60976	1.38518	-2.21371		221.607	-77.519	36.0649	-35.1029	20.6784	-19.6422	19.9287	-7.24086	6.69549	-18.7905		425.288	-172.093	16.659	-79.1976	-18.2773	-68.6022	70.9982	12.4097	-13.4399	-70.0801		-15.072	9.24105	4.54256	1.03773	3.0751	1.80738	-0.339848	-3.63927	6.57805	5.65103		1.56627	-0.966574	-2.23827	-0.444604	0.0315452	-0.222209	0.471797	1.24584	-1.73254	-0.877981	
P15514	16.0313	-5.70523	2.51504	-2.75479	1.7188	-2.06062	0.832579	-0.92761	0.629055	-1.0288		127.348	-45.6508	14.9443	-16.6955	12.382	-17.971	7.67743	-11.5376	12.1534	-16.1858		219.122	-116.861	-4.95011	-8.2222	20.5734	-69.2521	14.7875	-58.3709	58.1438	-78.7506		-10.7813	7.48888	10.7173	-2.6197	0.73368	8.48918	-0.530267	4.9603	-7.705	13.5855		1.03518	-1.72351	-2.06903	0.499386	-0.906914	-2.24874	-0.769675	-0.326773	1.57418	-2.215	
P01189	17.0074	-6.08944	3.3718	-2.23818	2.04865	-0.732101	1.35205	-0.908805	1.17095	-0.560708		130.123	-50.3072	22.1083	-20.9518	12.5398	-10.4287	7.29465	-9.28369	7.17902	-6.03137		232.753	-137.757	33.3565	-38.6166	13.6879	-27.6628	8.56454	7.88008	-6.7016	-3.25026		-12.1752	11.4009	3.23401	4.44828	-0.820584	2.47601	-0.764515	-1.56787	0.436257	0.0440615		1.84722	-1.82194	-1.1352	-0.534377	0.146328	1.16505	-1.00153	-0.390523	0.0512349	0.111608	
O60832	22.8712	-7.74022	5.13895	-3.43636	2.37648	-2.14554	1.9668	-1.8084	1.49852	-1.08417		174.206	-57.0416	42.7351	-28.9376	26.6709	-20.8292	17.4205	-10.5746	12.7428	-13.3881		334.378	-98.9997	119.136	-48.995	104.638	-58.5862	56.4899	-3.6594	55.5818	-42.4642		-6.79613	0.706088	-8.13163	5.35388	-8.77885	5.9292	-1.3658	-0.889982	-1.70302	6.68472		-1.31406	0.13121	1.51359	-1.92003	1.32971	-1.05241	1.13305	0.261611	1.11844	-0.809888	
P26599	24.104	-7.80801	4.6363	-3.26325	2.78945	-2.31309	1.70591	-1.36675	1.66552	-1.17421		175.268	-58.2277	38.8709	-26.3327	21.6021	-17.0883	9.7689	-6.5859	13.2675	-13.0242		212.291	-73.3988	87.6597	-49.4391	56.9462	-29.45	-28.3154	-13.5561	41.7174	-52.2515		-1.65778	1.5912	-5.1	3.43948	-3.30309	1.98425	8.0284	-7.05195	-4.53911	2.80867		-0.310878	0.269511	0.64159	0.328859	-0.246622	0.0124237	0.131057	2.45427	0.161321	-1.4516	
P31269	16.3593	-5.82717	3.50963	-2.24717	1.21813	-1.81986	0.7048	-1.40552	1.20881	-0.544918		126.993	-47.4209	28.1861	-17.2909	9.79929	-11.2068	11.357	-11.9377	7.70832	-8.55666		177.445	-118.855	65.5928	-59.4298	31.2203	-29.7142	30.3263	-20.4206	-11.6835	-48.1563		-7.02861	10.1319	-4.37526	2.25956	1.53701	0.711113	-0.409353	4.39634	-0.195794	3.51121		1.09695	-0.709996	-0.201339	0.274692	-2.28581	0.547286	0.484894	-0.855079	0.300975	-0.955571	
Q9BUQ8	29.9747	-9.53178	6.20532	-4.15128	2.8961	-2.26603	1.62485	-1.96392	1.64728	-0.941136		245.365	-58.7843	47.6241	-35.0095	25.0729	-17.9813	15.0224	-17.5665	15.0449	-12.2963		657.107	12.1596	103.571	-88.4084	37.3851	1.65714	8.03732	-58.0429	35.3654	-19.2244		-39.5625	-15.069	-3.79699	4.62628	-2.59093	-4.74311	3.13747	3.37981	-3.43604	2.51033		4.33455	4.56725	1.54632	-0.473002	0.45355	0.508557	-0.268053	-0.380513	0.478193	-0.207977	
Q14764	31.2208	-10.6332	6.76486	-4.68474	3.87985	-3.03481	2.03011	-2.00885	1.42642	-1.66078		232.13	-81.3038	46.3715	-35.7576	25.5398	-18.2931	12.5656	-13.8544	13.0071	-10.9456		428.824	-144.08	73.7484	-70.7094	27.7979	-30.4845	-19.2491	12.4272	2.1252	20.2718		-9.65167	5.54676	-0.33456	1.5241	-1.69339	-1.96833	3.75297	-2.06173	-0.827155	0.712298		-1.12413	-1.81497	0.572697	-0.858051	-0.328734	1.0373	-1.0427	0.621909	0.223306	-0.179727	
P37231	22.4471	-7.95151	4.9684	-3.506	2.48427	-2.07376	1.84756	-1.12226	1.4144	-0.779336		173.461	-55.1679	32.864	-23.7422	20.0304	-16.6442	13.2924	-10.6638	11.5402	-6.60758		304.994	-101.749	25.8401	-59.1221	39.7816	-26.4328	20.0376	-17.6654	4.62206	-25.5806		-8.20269	-1.67812	3.40496	1.13085	0.118589	1.72451	-0.965055	0.245254	-2.3056	-1.15812		-1.53465	1.64063	-2.15177	0.505405	-0.0624162	0.87936	0.758836	0.309357	0.011574	0.663847	
Q12968	33.848	-10.983	7.0083	-5.3341	3.69956	-3.14228	2.89253	-2.54319	2.21467	-1.18497		253.799	-81.8461	49.6465	-36.3398	26.7439	-25.0498	20.6469	-19.1695	14.5067	-13.3689		374.963	-90.1771	12.9863	4.99768	19.997	-37.7952	27.8431	-53.3774	8.33524	-22.1476		-15.7099	1.53947	-2.53747	4.24833	1.38065	2.61236	-1.96997	4.44639	0.28222	-1.72892		0.794846	-0.198375	0.786741	-1.82005	-0.350955	-0.973827	1.05308	0.0789637	0.772398	0.926453	
O75817	11.8915	-4.06093	1.67477	-1.72606	1.1042	-1.18089	1.03931	-0.870463	0.784779	-0.281618		92.7176	-28.0425	21.0683	-15.7767	12.7017	-5.65022	5.68329	-3.99409	4.414	-1.80813		162.595	-2.1244	55.8142	-65.0221	45.5422	-19.9408	-9.18383	15.0309	-11.7161	1.3722		-5.65041	-3.92832	-2.83987	5.74815	-2.45115	-0.171374	1.34504	-2.0346	-0.0422061	-5.77113		0.334317	0.191387	0.138837	0.0840793	1.05922	1.4583	0.0799823	-0.317536	0.463222	1.3924	
P62140	18.5306	-6.0971	3.46399	-2.69447	1.82681	-1.85823	1.54372	-1.30851	0.971782	-1.41765		134.849	-47.3226	29.3396	-18.2967	14.6301	-11.2538	12.9788	-11.0783	9.41261	-6.22709		235.43	-81.638	46.4335	-13.3697	17.1843	0.137077	11.2497	-29.1039	15.7558	-15.4656		-1.63011	3.24907	-0.652033	1.13272	-0.383947	0.162566	-4.00935	3.60703	-1.70773	-0.789626		-2.74109	-0.161971	0.759886	1.01847	0.402506	0.11379	0.512571	-0.412184	0.289425	-0.0367374	
P14859	27.4465	-9.34068	6.0201	-3.67359	3.28741	-2.14629	2.21191	-1.88538	1.55676	-1.02766		210.094	-66.1363	38.2379	-23.8603	24.8012	-16.8544	15.197	-12.4836	13.2874	-14.0163		178.494	-66.0792	-56.3128	60.0862	71.5456	-19.2566	-4.03465	7.95241	-0.054978	-13.4019		-8.35641	-3.66112	6.83528	-6.51617	-1.3453	-2.72577	-0.191021	-2.64269	-0.0899313	3.80164		2.28553	0.89681	1.84582	0.337115	-0.550117	0.670321	-0.480372	0.0219508	0.384373	-1.31107	
Q99575	32.7168	-11.0284	6.71285	-4.77588	3.83805	-2.78443	2.90084	-2.42063	1.72548	-1.4951		251.508	-79.8231	54.894	-33.8493	29.6442	-18.679	15.3974	-17.137	14.4418	-13.7028		466.617	-117.423	104.427	-81.5174	40.1961	-37.8561	-7.33718	-37.1631	25.9433	12.6086		-20.4872	0.747787	-10.0361	1.08963	-1.36048	-1.99514	1.59057	2.27162	-0.863707	-1.14559		1.51226	1.22732	2.97923	0.213003	0.769415	1.24884	-1.42357	0.0116419	0.290571	-0.588259	
P62136	18.318	-6.24133	3.58517	-2.60065	1.82476	-1.78154	1.8355	-1.25826	1.26795	-1.41914		136.694	-46.4939	30.3763	-17.3953	15.8682	-11.2041	13.8609	-11.2111	9.08852	-6.70941		237.515	-84.9354	47.5284	-11.7453	13.1867	5.15264	10.2202	-27.8011	20.0743	-13.6901		-3.66074	1.6234	-1.21984	-0.203965	-1.33648	-0.0837088	-4.44911	3.35763	-1.37594	-0.958613		-2.77388	-0.238844	0.881386	1.15543	0.710248	0.0796182	0.761087	-0.572793	0.143556	-0.250743	
